A	C	G	T
0.0016025821965877185	-0.001418023462756537	-0.0030769664628132886	0.005050671867211349
0.011022503417643747	0.0003239403845509514	0.0002958462278184015	0.006478796830633655
-0.003836199066718109	0.0007943169375357684	0.0011251311184423685	0.0034355444361517584
0.002210127102007391	0.0007960360814922751	0.029874656574174877	0.01285870528241503
0.00636424498155975	0.0035067750839516522	-0.0012574875447899103	0.006277066124021076
0.0014689399077178677	2.2423580521717667e-05	-0.00040077513549476864	-0.0023904778817814077
0.0015642854771976999	-0.0022868375115649544	0.0012292889709351585	0.00589546420638726
-0.00957839029491879	-0.001882860700134188	-0.03375130719061417	-0.009214996739756317
0.00037726241753262003	-0.0032386362683610058	-0.0017584104611887597	-0.004986460242362227
-0.0018089954634342576	-8.27769609168172e-05	-0.00025015885039465503	-0.002984958014963013
-0.0027694358437292976	-0.00243848835278186	-0.0023852313551469707	-0.001884945567608156
0.026693158352354657	-0.004589003601577133	0.003377866892988095	0.017872276378375317
0.0035932432696426987	0.05795628130210389	-0.0012092970478261122	0.014548241110460366
-0.00624461970242919	0.021207332582198434	0.005328540711052483	0.0013188311900012195
