A	C	G	T
0.015518568156912806	0.0026908392109908164	-0.0033549032844166506	0.005440128570771776
0.014623834425437963	-0.0007189770368859172	0.0006949589815485524	0.004831342294055503
0.0006515048312576255	-0.00016453324118629098	-0.001850254944874905	-0.004300962756806257
0.0033694322570227086	-0.0010467881063232199	0.009417815725319087	0.012254629203816876
0.006825296674172136	-0.0017909160550334492	0.0017728932994941714	0.004768126472954464
0.003352660072141589	-0.000557746320264414	0.0027225818659644572	0.002158726168127032
-0.00014082845014854684	0.0013788959104567766	-0.002556199329555966	0.01729601376930077
-0.007765463867763174	-0.0016447204898577183	0.0005271157388597202	-0.008174339000397594
0.00136592068549362	-0.001316652410896495	-0.002048236482660286	-0.002460856426059763
0.0009228624950628727	-0.0010771161532647966	-0.0013679893017615541	-0.005893651809055882
0.0006115586262239958	-0.003205578063498251	-0.0014614636835176497	-0.011777129935435369
-0.007328141207981389	-0.010553341773338616	0.0015647338845883496	0.015281730168790092
-0.00344196904101409	0.02336853458415135	0.0017708578830206534	0.01083754885577946
0.00407493095692189	-0.002654017999302596	0.002611740083666518	-0.008150464963748619
