A	C	G	T
0.0498434351479591	0.01041898583411239	0.002885174977709539	0.007778910133165482
-0.005098615517490543	0.003100929760330473	0.004619381341035478	0.0066113963513817
0.008240393418236635	-0.0007769520240253769	0.0513281898079731	0.04013282637868542
0.009361324879646417	0.007350316077936441	0.008564202004927211	0.020773287134652492
0.016318892540293745	0.0015405203495174645	-0.0005446209390356671	0.015307539412460755
0.007075905102319666	-0.0008470370701979846	0.0012023295213293749	0.004929276776383631
0.008908932317863218	0.003491130298934877	0.0017015844606794418	0.06303716905029433
0.02191523083820357	0.0006133695878088474	0.005080832746753004	0.0031733533830265513
0.0056999204406747595	-0.0009110666305059567	0.0023990213411161677	0.004613219850580208
0.009096639327181038	-0.0011990064078418073	-0.000828168936423026	0.008891133849247126
0.04911704023172206	0.007104089106433093	-0.006276520924293436	0.03645163197730653
0.012378989002900197	0.0699376385558844	0.0005572066770400852	0.02927233665787753
-0.003159882072595792	0.007620178215993292	0.009860797811415977	0.0030908851679305373
-0.0017112459457712247	0.017721634635236114	0.005562372661370318	0.0022951365684275517
