A	C	G	T
0.03318592605290178	0.0015255638200324028	0.0009834798049996607	0.016352061298712216
0.010507315633731196	0.0017425932723563165	0.010098299167584628	0.040785950123390646
0.010246379664022243	0.008065506473649293	0.0731038644052751	0.06138897258853831
0.013750994750553218	0.01055897439364344	-0.010609292151420958	0.027177981939748862
0.020325176946353166	0.0034670677641406656	-0.0041169120674021545	0.019384200607601088
0.026801759595400654	-0.0005685324175283313	-0.0019081974937580526	0.020692732701427304
0.008699486806362984	0.000644669890170917	0.01814499369589612	0.04532386704871896
-0.0013718025809794198	0.004013356976211071	0.003036682704114355	-0.0034853774582006736
0.0032117503799963744	0.0037935408391058445	0.0012933342745236587	0.01549826818110887
0.010632110256738088	-0.007113271829293808	1.6814928385429085e-05	0.005063539711991325
-0.010476014828891494	-0.0010787118651205674	0.0034385490091517566	0.005379333356977441
0.01827698746070382	0.08949185617850162	-0.0014865185268172355	0.007173087568953633
0.005884063976973266	0.04062591298337793	0.0035006908065406605	-0.003907443711214
0.0005611143591158907	0.002933340736053651	-5.130774654389825e-05	-0.001317188182292739
