A	C	G	T
0.013751624098513276	0.0013586681947344915	-0.0010641524426682736	0.0027025083149783313
0.013229299284939771	0.0017930896155303345	0.0043391494950628835	0.0027757636373280546
0.00031393399140142717	0.0008967978705186397	0.0026397078385343776	0.007371549017188954
0.01301096657094604	-0.0014050876488909125	0.03560133100072562	0.03473489862459246
-0.0038984401286870705	0.0016278845560736954	-0.0016662862175144254	-0.014083199127344414
0.018001037130925397	-0.005548376687802375	0.004077732090372592	0.008737881059059873
0.011570864133245777	-0.0039693709812127055	-0.0013856822694651783	-0.012972269526326272
-0.005782857526210137	0.0017592865508049727	-0.0012243583315284922	-0.09254190714520519
-0.004869142250045116	0.0030790710099972782	0.002027249065286014	-0.03423177257034695
-0.0018135973149037453	-0.006878874961985275	-0.0026984529546462	-0.0063808652997249735
-0.0033864875102881343	-0.0032238615071401	-0.0016410816230927594	-0.008286588289047358
0.003219391695165541	-0.014043428341392428	-0.003636731167862308	0.0032485314681980526
0.005899114660569467	0.04172422417323105	-0.003927430470357649	0.004933959455720469
-0.004588964149734238	-0.004199347583344206	0.0017788140258926432	-0.003365342972610961
