A	C	G	T
0.003930044598528184	0.0017225847774534487	-0.0007275891528115608	0.0007569334091385826
0.011041427299678616	0.004082874229934533	0.0011971632583299653	0.004019444676268904
-0.0015816643612924963	0.0019648194998444523	-0.0005251640838105231	-0.0026451135522438563
-0.002660288014849357	-0.0038087676305440256	0.02278055627946742	0.018028970811865292
-0.00106478782287013	-0.001456511287833564	-0.0005797533881559502	4.8112499353010204e-05
0.005877831282305124	-0.002142622643150389	0.003488421329820994	0.004728630145618809
0.006663523695606272	-0.0024638379993848505	-0.00027734223753213884	0.005386665938422084
-0.0008965382966562174	-0.0030944115668535234	-0.038019400176999625	-0.03018167692818679
0.00030974184854130725	0.0005591278383508324	0.0015103186474880203	-0.011867494889083901
0.0020235504204174502	-0.001132348886458203	-0.0007517776126042008	0.003782829854171723
0.006161373459399329	-0.0019504503766074777	-0.0010520054791322763	0.00592186241861782
-0.00726851506944513	-0.0005692241014912724	0.00036076849846722325	-0.0012162158407227253
0.005408630039019044	0.01489080502447905	-0.00030817248596576974	-0.0037897692777914926
0.0012076309576514177	-0.0023240866405831186	0.0016737437318079173	-0.00017412295972462743
