1.884357035160064697e-01 3.328660503029823303e-02 2.893871162086725235e-03 1.223680377006530762e-01 1.785384520189836621e-04 1.072503277100622654e-03 4.867749521508812904e-04 8.252488449215888977e-03 6.083698272705078125e-01 5.715940147638320923e-03 1.494184602051973343e-02 1.344877853989601135e-02 5.120398127473890781e-04 3.705342533066868782e-05
1.220272555947303772e-01 3.576226765289902687e-03 4.935834658681415021e-05 1.470989435911178589e-01 2.188296057283878326e-02 1.027846857905387878e-01 8.541842922568321228e-03 6.800916977226734161e-03 3.440783023834228516e-01 2.384486198425292969e-01 4.379975143820047379e-03 3.250624868087470531e-04 5.283417522150557488e-06 5.695203526556724682e-07
1.292403191328048706e-01 1.200755462050437927e-01 2.584066009148955345e-03 1.403539329767227173e-01 1.063923090696334839e-01 1.076735225069569424e-05 1.287293562199920416e-04 5.187914241105318069e-03 1.896200776100158691e-01 2.627657651901245117e-01 4.241632297635078430e-02 1.191678224131464958e-03 3.110691977781243622e-05 1.521419903838250320e-06
2.320547537237871438e-05 8.171682246029376984e-03 1.168291494250297546e-01 1.262578666210174561e-01 3.739209845662117004e-03 1.297265640459954739e-03 4.818589950446039438e-04 1.936120042955735698e-06 2.484139651060104370e-01 3.085677698254585266e-02 2.586721777915954590e-01 1.994831562042236328e-01 5.697879008948802948e-03 7.385459321085363626e-05
7.914311026979703456e-06 2.824677176249679178e-05 9.511045366525650024e-02 1.547561734914779663e-01 4.752689856104552746e-04 4.076837285538204014e-05 3.146624294458888471e-05 2.550445685756130842e-07 2.499361187219619751e-01 7.727198535576462746e-04 5.323302373290061951e-02 4.145865142345428467e-01 3.044780530035495758e-02 5.733039579354226589e-04
1.146526411175727844e-01 1.563944621011614799e-03 1.137477606534957886e-01 3.330113366246223450e-02 1.299860924482345581e-01 8.024072274565696716e-03 3.557109739631414413e-03 4.898066632449626923e-03 1.409408897161483765e-01 1.461302209645509720e-02 5.725689977407455444e-02 2.312340289354324341e-01 1.318743824958801270e-01 1.434995047748088837e-02
1.138022243976593018e-01 3.110946388915181160e-03 5.862891208380460739e-03 1.341343671083450317e-01 5.256576463580131531e-02 1.132598593831062317e-01 1.695692911744117737e-02 2.905438281595706940e-02 1.749731153249740601e-01 1.690314710140228271e-02 3.116707503795623779e-02 1.810388565063476562e-01 1.038948353379964828e-02 1.167809516191482544e-01
1.159644722938537598e-01 3.579036099836230278e-03 9.506988571956753731e-04 1.337554454803466797e-01 3.663029149174690247e-02 4.949511587619781494e-02 4.825677722692489624e-02 4.239030182361602783e-02 2.056397050619125366e-01 2.763624489307403564e-02 2.330412343144416809e-02 1.686535328626632690e-01 7.363881170749664307e-02 7.010541856288909912e-02
3.517160075716674328e-04 4.760824609547853470e-03 8.664231281727552414e-04 1.070715561509132385e-01 1.910617388784885406e-02 9.423687309026718140e-02 3.078054077923297882e-02 1.737576094456017017e-04 2.576610743999481201e-01 1.299473270773887634e-02 1.020974963903427124e-01 2.423494756221771240e-01 2.153253881260752678e-03 1.253961324691772461e-01
1.211078539490699768e-01 3.746472531929612160e-03 1.516951946541666985e-03 1.266837716102600098e-01 5.889724474400281906e-03 1.535243587568402290e-03 1.370121957734227180e-03 1.334495190531015396e-02 1.711890399456024170e-01 7.782502472400665283e-02 2.158960141241550446e-02 2.293822020292282104e-01 7.314072549343109131e-02 1.516783088445663452e-01
3.001748700626194477e-04 2.296843100339174271e-03 1.339579466730356216e-03 1.265970170497894287e-01 2.528983750380575657e-04 1.068772871803957969e-05 6.211700110725359991e-06 1.932476698129903525e-05 2.511582970619201660e-01 1.372627355158329010e-02 1.065301224589347839e-01 3.219753205776214600e-01 6.803469359874725342e-02 1.077525690197944641e-01
9.293308830820024014e-04 8.749071508646011353e-03 2.839197404682636261e-03 1.259976625442504883e-01 7.043862342834472656e-02 6.030683964490890503e-02 3.890701336786150932e-03 6.659720384050160646e-05 2.400007545948028564e-01 1.026194076985120773e-02 9.631691128015518188e-02 2.500434815883636475e-01 5.955962929874658585e-03 1.242029443383216858e-01
1.244961619377136230e-01 8.736099116504192352e-03 3.676724852994084358e-03 1.978624165058135986e-01 5.877537652850151062e-02 1.218223012983798981e-03 1.641021575778722763e-03 1.127681042999029160e-02 1.307078152894973755e-01 6.655235588550567627e-02 2.965388074517250061e-02 2.402061820030212402e-01 2.731398493051528931e-02 9.788296371698379517e-02
1.198853403329849243e-01 5.177554208785295486e-03 2.714727073907852173e-03 1.637125760316848755e-01 8.781222254037857056e-02 1.189266145229339600e-02 6.933499826118350029e-04 4.003779496997594833e-03 1.304929554462432861e-01 6.481478363275527954e-02 5.309860780835151672e-02 2.304552942514419556e-01 5.490493774414062500e-02 7.034118473529815674e-02
