7.667411118745803833e-02 3.257119655609130859e-02 1.674225641181692481e-04 2.983894348144531250e-01 5.213621538132429123e-03 3.249736910220235586e-04 5.195711739361286163e-03 3.757774084806442261e-02 4.201991260051727295e-01 4.320758581161499023e-02 6.390261650085449219e-02 1.595322228968143463e-02 5.575207760557532310e-04 6.573797145392745733e-05
1.214332208037376404e-01 3.370506456121802330e-03 4.989992521586827934e-05 4.938929080963134766e-01 2.174823079258203506e-03 5.136824711371446028e-06 4.358001024229452014e-05 2.103869104757905006e-03 1.258437782526016235e-01 2.312742173671722412e-01 1.945911161601543427e-02 3.426788898650556803e-04 5.676834916812367737e-06 6.168262416395009495e-07
2.406619861721992493e-02 1.200368851423263550e-01 2.538372529670596123e-03 4.040015935897827148e-01 1.597973634488880634e-03 7.795864803483709693e-06 9.411761129740625620e-05 3.783582942560315132e-03 9.675166010856628418e-02 2.408640086650848389e-01 1.052049621939659119e-01 1.024560304358601570e-03 2.699117794691119343e-05 1.320122350989549886e-06
3.911340609192848206e-03 5.089719779789447784e-04 1.226535439491271973e-01 3.011141121387481689e-01 5.634750239551067352e-03 4.664428997784852982e-04 2.987733110785484314e-03 3.537074953783303499e-04 2.127603814005851746e-02 4.165966808795928955e-02 2.654402852058410645e-01 2.289540469646453857e-01 4.978273995220661163e-03 6.113926792750135064e-05
2.122746664099395275e-04 3.751095937332138419e-05 1.096616238355636597e-01 2.754484415054321289e-01 4.912838339805603027e-04 6.869904609629884362e-05 2.353926654905080795e-03 1.117881969548761845e-03 4.918858036398887634e-02 9.897685376927256584e-04 1.452482193708419800e-01 3.740655183792114258e-01 4.031469300389289856e-02 8.015811326913535595e-04
2.386936917901039124e-03 1.801242353394627571e-03 9.855389362201094627e-04 2.807567119598388672e-01 1.211675778031349182e-01 8.714083582162857056e-03 4.524765536189079285e-03 5.883274134248495102e-03 6.633963435888290405e-02 1.729082316160202026e-02 1.985599994659423828e-01 1.410907059907913208e-01 1.350237280130386353e-01 1.547495462000370026e-02
7.641373667865991592e-04 2.260374138131737709e-03 7.304507307708263397e-04 2.894805371761322021e-01 2.931219711899757385e-02 1.118009239435195923e-01 1.301330327987670898e-02 2.171739190816879272e-02 1.039346605539321899e-01 1.261317636817693710e-02 2.261242717504501343e-01 6.247195228934288025e-02 9.640556760132312775e-03 1.161360368132591248e-01
5.983345909044146538e-04 1.890393090434372425e-03 4.953772295266389847e-04 2.807300388813018799e-01 1.539858896285295486e-02 4.817875102162361145e-02 4.288810864090919495e-02 1.903622411191463470e-02 1.307133138179779053e-01 1.202246639877557755e-02 2.811821401119232178e-01 2.307934872806072235e-02 7.358010858297348022e-02 7.020681351423263550e-02
7.803308544680476189e-04 7.964763790369033813e-03 1.899638911709189415e-03 2.586158812046051025e-01 3.641026560217142105e-04 3.090752215939573944e-05 2.707719395402818918e-04 2.798290806822478771e-04 5.322756990790367126e-02 6.616042554378509521e-02 2.560316622257232666e-01 2.111887931823730469e-01 1.340295672416687012e-01 9.155789390206336975e-03
4.143578116782009602e-04 1.962836598977446556e-03 7.946873665787279606e-04 2.530889213085174561e-01 1.586470170877873898e-03 2.594882098492234945e-04 7.182242115959525108e-04 6.985750515013933182e-03 1.222168356180191040e-01 4.040491208434104919e-02 3.081085681915283203e-01 3.821315616369247437e-02 7.340748608112335205e-02 1.518382877111434937e-01
2.958078868687152863e-03 2.945183962583541870e-02 7.785023190081119537e-03 2.501865625381469727e-01 5.367514863610267639e-02 7.152876257896423340e-02 1.106669515138491988e-04 1.638963876757770777e-04 3.153550624847412109e-02 5.744552612304687500e-02 1.918432414531707764e-01 1.691851764917373657e-01 9.498059749603271484e-03 1.246325150132179260e-01
3.766719484701752663e-03 3.562095016241073608e-02 8.711688220500946045e-03 2.502600252628326416e-01 7.056331634521484375e-02 5.473176762461662292e-02 4.853694554185494781e-05 1.632964849704876542e-04 2.653402462601661682e-02 4.160669445991516113e-02 1.697129607200622559e-01 1.927075237035751343e-01 1.860496401786804199e-02 1.269675046205520630e-01
1.716086408123373985e-03 5.910345818847417831e-03 2.872244454920291901e-03 3.027766048908233643e-01 8.434748649597167969e-02 1.290932530537247658e-03 1.113412785343825817e-03 7.641407195478677750e-03 9.547835588455200195e-02 4.490835219621658325e-02 2.632486522197723389e-01 6.358818709850311279e-02 2.723538503050804138e-02 9.787259250879287720e-02
7.884114980697631836e-03 5.221831612288951874e-03 2.806650474667549133e-03 2.816099822521209717e-01 9.180624037981033325e-02 1.298159733414649963e-02 7.009170367382466793e-04 4.059548024088144302e-03 7.428751885890960693e-02 6.521249562501907349e-02 2.778138220310211182e-01 5.038626492023468018e-02 5.488722771406173706e-02 7.034175097942352295e-02
