8.497102558612823486e-02 3.552670776844024658e-02 2.208078076364472508e-04 3.021705448627471924e-01 5.606174003332853317e-03 3.947114455513656139e-04 6.071995012462139130e-03 4.568865150213241577e-02 4.321572184562683105e-01 5.532991513609886169e-02 7.169366814196109772e-03 1.561825722455978394e-02 8.993898518383502960e-03 8.069400792010128498e-05
1.216352358460426331e-01 3.376826643943786621e-03 5.046404839958995581e-05 4.975233674049377441e-01 2.191820181906223297e-03 5.178156243346165866e-06 4.385647480376064777e-05 2.114480128511786461e-03 1.259162575006484985e-01 2.325341254472732544e-01 1.449602283537387848e-02 1.008368708426132798e-04 1.091157264454523101e-05 6.221833928066189401e-07
2.406579442322254181e-02 1.200513988733291626e-01 2.533228602260351181e-03 4.711441099643707275e-01 3.572504967451095581e-03 7.503330834879307076e-06 9.335244249086827040e-05 3.764303866773843765e-03 9.868166595697402954e-02 2.256972789764404297e-01 5.007331818342208862e-02 3.059112641494721174e-04 8.570897989557124674e-06 1.060549493558937684e-06
5.355054046958684921e-03 2.265884104417636991e-04 1.224511489272117615e-01 3.769314289093017578e-01 2.238840796053409576e-02 6.640425417572259903e-04 4.154270514845848083e-03 4.836738226003944874e-04 2.881817705929279327e-02 1.424170751124620438e-02 1.888006925582885742e-01 1.667653918266296387e-01 6.867782026529312134e-02 4.160400931141339242e-05
3.313674533274024725e-04 1.530184636067133397e-05 1.096461117267608643e-01 3.853301703929901123e-01 2.648959867656230927e-03 1.121486202464438975e-04 3.834452247247099876e-03 1.820749603211879730e-03 8.011674135923385620e-02 3.552873095031827688e-04 3.173220530152320862e-02 2.317523062229156494e-01 1.520350426435470581e-01 2.691329864319413900e-04
2.802649978548288345e-03 1.418148167431354523e-03 7.511711446568369865e-04 3.605886995792388916e-01 1.333620995283126831e-01 8.011685684323310852e-03 3.662318689748644829e-03 4.533509258180856705e-03 8.619498461484909058e-02 1.314813550561666489e-02 2.337476052343845367e-02 5.518043786287307739e-02 2.945191264152526855e-01 1.245227642357349396e-02
7.270063506439328194e-04 2.194413216784596443e-03 6.856204126961529255e-04 3.568436801433563232e-01 3.887709975242614746e-02 1.115694940090179443e-01 1.228607352823019028e-02 2.035700529813766479e-02 1.285925954580307007e-01 1.181268971413373947e-02 5.473082419484853745e-03 9.428801946341991425e-03 1.835131943225860596e-01 1.176392510533332825e-01
5.960324779152870178e-04 1.896337838843464851e-03 4.912200383841991425e-04 3.652451336383819580e-01 2.189476601779460907e-02 4.880787059664726257e-02 4.310878738760948181e-02 1.881965436041355133e-02 1.594960987567901611e-01 1.187022682279348373e-02 1.689734519459307194e-03 1.459217164665460587e-02 2.016921490430831909e-01 1.097998321056365967e-01
2.102849975926801562e-04 2.145995851606130600e-03 5.118233384564518929e-04 3.733569383621215820e-01 8.163638995029032230e-04 1.076826902135508135e-05 2.449300664011389017e-04 1.081265218090265989e-04 7.731591910123825073e-02 1.785983517765998840e-02 4.534387961030006409e-02 2.090969085693359375e-01 2.318714857101440430e-01 4.110674187541007996e-02
4.023184592369943857e-04 1.903882133774459362e-03 7.707332842983305454e-04 3.723575472831726074e-01 3.517941106110811234e-03 2.550725184846669436e-04 6.970391841605305672e-04 6.775908637791872025e-03 1.351374834775924683e-01 3.938539698719978333e-02 4.562901332974433899e-03 5.410067364573478699e-02 2.319510877132415771e-01 1.481820195913314819e-01
8.397620986215770245e-04 3.359009046107530594e-03 3.490331117063760757e-03 4.305604398250579834e-01 6.606871634721755981e-02 4.115835181437432766e-04 8.500226540490984917e-04 7.128462195396423340e-03 1.116281598806381226e-01 4.392126947641372681e-02 7.039135321974754333e-03 2.125391503795981407e-03 2.438813298940658569e-01 7.869639247655868530e-02
4.224134318064898252e-04 3.050040220841765404e-03 4.690265282988548279e-02 4.254741668701171875e-01 2.384010888636112213e-02 4.899025661870837212e-04 1.006163347483379766e-05 6.635086174355819821e-05 3.925099968910217285e-02 1.077528763562440872e-02 4.976167157292366028e-02 6.103698164224624634e-02 3.381935358047485352e-01 7.258342811837792397e-04
4.544936018646694720e-05 5.074467044323682785e-04 2.854577032849192619e-04 3.317882120609283447e-01 1.227835789322853088e-01 1.235315110534429550e-02 8.432161848759278655e-05 3.091193793807178736e-04 6.051914393901824951e-02 1.750153303146362305e-02 3.955804184079170227e-02 8.942083269357681274e-02 3.211512565612792969e-01 3.692493773996829987e-03
7.587475702166557312e-03 4.187501035630702972e-03 2.425646176561713219e-03 3.818565309047698975e-01 9.619799256324768066e-02 1.293816044926643372e-02 5.882860859856009483e-04 3.251709742471575737e-03 6.578619778156280518e-02 5.224701389670372009e-02 2.382257208228111267e-02 6.195026915520429611e-03 3.216532766819000244e-01 2.126264013350009918e-02
