9.082684665918350220e-02 2.695217728614807129e-02 8.571675978600978851e-03 3.738237023353576660e-01 4.487916827201843262e-03 3.012378932908177376e-03 1.424072589725255966e-02 1.536193788051605225e-01 2.655456662178039551e-01 4.716939106583595276e-02 6.812829524278640747e-03 3.028889885172247887e-03 1.263297977857291698e-03 6.451315130107104778e-04
1.236313879489898682e-01 1.455838792026042938e-03 5.036674338043667376e-05 4.974828958511352539e-01 2.192080952227115631e-03 5.172707005840493366e-06 4.381795588415116072e-05 2.113001653924584389e-03 1.259073913097381592e-01 2.323673367500305176e-01 1.445461437106132507e-02 2.873293124139308929e-04 7.884909791755490005e-06 8.741888564145483542e-07
6.105069187469780445e-04 1.219360306859016418e-01 2.572479890659451485e-03 4.926728010177612305e-01 3.572126850485801697e-03 7.498224476876202971e-06 9.333684283774346113e-05 3.763867774978280067e-03 9.867390245199203491e-02 2.253893464803695679e-01 4.987348616123199463e-02 8.256565779447555542e-04 8.535753295291215181e-06 4.174999901351839071e-07
2.242825576104223728e-04 2.055695367744192481e-04 1.224762424826622009e-01 3.290317058563232422e-01 9.701081551611423492e-03 6.739098462276160717e-04 4.317374899983406067e-03 5.030647153034806252e-04 2.976266480982303619e-02 1.684949919581413269e-02 1.849460005760192871e-01 2.706130743026733398e-01 3.036944195628166199e-02 3.260677040088921785e-04
1.024001176119782031e-05 3.336316876811906695e-05 1.096587255597114563e-01 2.786747813224792480e-01 5.945452139712870121e-04 1.099333894671872258e-04 3.799089230597019196e-03 1.804060186259448528e-03 7.938203960657119751e-02 7.864595972932875156e-04 5.612083524465560913e-02 3.348962664604187012e-01 1.325203031301498413e-01 1.609369297511875629e-03
1.505247433669865131e-03 1.803409191779792309e-03 9.758110973052680492e-04 3.173404335975646973e-01 1.270179599523544312e-01 8.689996786415576935e-03 4.632449243217706680e-03 5.864389706403017044e-03 9.054712206125259399e-02 1.710592024028301239e-02 3.036553040146827698e-02 8.701518923044204712e-02 2.925194501876831055e-01 1.461708918213844299e-02
2.239971188828349113e-03 2.293542027473449707e-03 7.277046679519116879e-04 3.305629789829254150e-01 3.554005548357963562e-02 1.124009490013122559e-01 1.302486751228570938e-02 2.151945605874061584e-02 1.308863013982772827e-01 1.248672045767307281e-02 5.782837979495525360e-03 3.517971187829971313e-02 1.809935569763183594e-01 1.163613423705101013e-01
1.369414036162197590e-03 1.946179429069161415e-03 5.050494801253080368e-04 3.445478379726409912e-01 2.132829092442989349e-02 5.424687638878822327e-02 4.689986631274223328e-02 1.899483427405357361e-02 1.591380387544631958e-01 1.192988734692335129e-02 1.718466170132160187e-03 5.303012952208518982e-02 2.287681698799133301e-01 5.557696521282196045e-02
7.636829832335934043e-05 3.681517671793699265e-03 8.780612843111157417e-04 2.620648443698883057e-01 2.169541839975863695e-04 1.603885903023183346e-05 2.517493267077952623e-04 1.546397834317758679e-04 7.329806685447692871e-02 3.060708008706569672e-02 7.729461789131164551e-02 3.370545804500579834e-01 2.066999226808547974e-01 7.705538999289274216e-03
1.329613005509600043e-04 1.915088738314807415e-03 7.756419945508241653e-04 2.874695360660552979e-01 2.972181187942624092e-03 3.184336237609386444e-04 7.088401471264660358e-04 6.802514195442199707e-03 1.349702179431915283e-01 3.947389498353004456e-02 4.538760054856538773e-03 1.507439315319061279e-01 2.192884534597396851e-01 1.498895883560180664e-01
1.728153438307344913e-04 3.385484451428055763e-03 3.502489998936653137e-03 3.270249962806701660e-01 6.475974619388580322e-02 4.134050977881997824e-04 8.567852200940251350e-04 7.185158785432577133e-03 1.118250787258148193e-01 4.417061060667037964e-02 6.769892759621143341e-03 1.424079835414886475e-01 1.786793917417526245e-01 1.088461428880691528e-01
8.348978008143603802e-05 1.817479915916919708e-02 4.446221049875020981e-03 2.502380907535552979e-01 7.034115493297576904e-02 5.471900478005409241e-02 3.691982783493585885e-05 9.117554873228073120e-05 2.565177902579307556e-02 2.124733664095401764e-02 6.890031695365905762e-02 1.451321840286254883e-01 2.088144868612289429e-01 1.321230232715606689e-01
6.527343066409230232e-04 6.238234927877783775e-04 3.528921515680849552e-04 2.679129242897033691e-01 1.108628660440444946e-01 1.237273775041103363e-02 1.196936864289455116e-04 4.594134516082704067e-04 5.875777825713157654e-02 2.715766243636608124e-02 6.134067848324775696e-02 1.512366235256195068e-01 2.888656258583068848e-01 1.928455755114555359e-02
1.035789027810096741e-03 2.845042035914957523e-04 1.591334003023803234e-04 2.679020166397094727e-01 5.770907923579216003e-02 7.241120934486389160e-02 2.775170374661684036e-03 1.477059413446113467e-04 5.035282298922538757e-02 1.577998697757720947e-02 6.863346695899963379e-02 1.528956592082977295e-01 2.978638112545013428e-01 1.204968057572841644e-02
