6.981880217790603638e-02 6.317674368619918823e-02 6.323522422462701797e-03 2.360646426677703857e-01 5.192855605855584145e-04 2.028314862400293350e-03 1.164310798048973083e-02 1.749780774116516113e-01 4.200643301010131836e-01 1.267293561249971390e-02 1.770865870639681816e-03 7.667566533200442791e-04 9.371119631396140903e-06 1.632827916182577610e-04
1.191277801990509033e-01 5.933987442404031754e-03 1.020537547447020188e-05 2.506921887397766113e-01 1.286329497816041112e-04 1.074609144779969938e-06 3.153728539473377168e-05 1.460078754462301731e-03 4.664717018604278564e-01 1.432729214429855347e-01 1.235091127455234528e-02 5.153674283064901829e-04 5.443806117000349332e-07 3.097484977843123488e-06
1.884231460280716419e-04 2.470681965351104736e-01 7.004874642007052898e-04 3.388371467590332031e-01 2.657937817275524139e-03 9.875792784441728145e-06 1.275662361877039075e-04 5.162667948752641678e-03 1.194617450237274170e-01 2.355842292308807373e-01 4.938410222530364990e-02 8.133960654959082603e-04 3.846197614620905370e-06 4.123744474782142788e-07
2.224125200882554054e-04 5.069202161394059658e-04 1.224586069583892822e-01 2.643640637397766113e-01 3.254714421927928925e-03 6.383315849234350026e-06 9.431128091819118708e-07 3.057415369767113589e-06 1.258306652307510376e-01 1.696075685322284698e-02 1.889898777008056641e-01 2.759800851345062256e-01 1.323896460235118866e-03 9.761980618350207806e-05
9.106937795877456665e-06 3.411406942177563906e-05 1.096368879079818726e-01 2.781448662281036377e-01 4.749419458676129580e-04 1.480984565205289982e-06 2.694209229048283305e-07 2.527860942791448906e-07 1.250202655792236328e-01 7.593400659970939159e-04 6.503853201866149902e-02 3.825985193252563477e-01 3.626316413283348083e-02 2.018263330683112144e-03
1.414618687704205513e-03 6.720898300409317017e-02 9.021896403282880783e-04 2.470566928386688232e-01 1.263725459575653076e-01 8.460870012640953064e-03 3.852491965517401695e-03 5.305625498294830322e-03 1.353587955236434937e-01 1.582295261323451996e-02 2.925681881606578827e-02 1.816231906414031982e-01 1.477124392986297607e-01 2.965180575847625732e-02
2.297730883583426476e-03 3.162172064185142517e-02 1.093111117370426655e-03 2.899044156074523926e-01 3.609737753868103027e-02 1.143632158637046814e-01 1.892800256609916687e-02 3.257820010185241699e-02 1.594208478927612305e-01 1.894326694309711456e-02 8.930976502597332001e-03 1.141304597258567810e-01 2.499700523912906647e-02 1.466936767101287842e-01
1.465575420297682285e-03 8.113430812954902649e-03 1.033641980029642582e-03 3.220878839492797852e-01 2.162715233862400055e-02 5.305923521518707275e-02 5.246582999825477600e-02 4.666681587696075439e-02 1.771260797977447510e-01 3.040561079978942871e-02 4.407081287354230881e-03 1.088433191180229187e-01 1.175678744912147522e-01 5.513044446706771851e-02
1.440754567738622427e-04 1.824054401367902756e-03 2.290137112140655518e-03 1.462171226739883423e-01 4.963366081938147545e-04 9.438116848468780518e-02 3.080382198095321655e-02 3.301312099210917950e-04 2.350089550018310547e-01 3.444123640656471252e-02 6.175342202186584473e-02 2.126507908105850220e-01 2.227403223514556885e-02 1.573847383260726929e-01
2.573806559666991234e-04 1.984445378184318542e-03 1.650869613513350487e-03 2.862126529216766357e-01 1.322030788287520409e-03 3.493910189718008041e-04 1.468506990931928158e-03 1.455347705632448196e-02 1.691451519727706909e-01 8.475894480943679810e-02 9.788910858333110809e-03 1.729869246482849121e-01 1.261490136384963989e-01 1.293722987174987793e-01
3.220546641387045383e-04 3.727579955011606216e-03 4.892698489129543304e-03 3.255046904087066650e-01 6.508995592594146729e-02 6.247996352612972260e-04 1.629693782888352871e-03 1.366863586008548737e-02 1.376661509275436401e-01 8.435119688510894775e-02 1.366182323545217514e-02 2.140153795480728149e-01 3.381246933713555336e-03 1.314641237258911133e-01
8.295922452816739678e-05 3.909609746187925339e-03 4.412387032061815262e-03 2.497123777866363525e-01 7.033948600292205811e-02 5.471878498792648315e-02 3.675050902529619634e-05 7.701291178818792105e-05 1.255612671375274658e-01 2.108598873019218445e-02 6.912507861852645874e-02 2.346995472908020020e-01 2.589621767401695251e-02 1.403425335884094238e-01
3.888779610861092806e-05 8.575682295486330986e-04 3.274695575237274170e-02 1.784374117851257324e-01 4.452929273247718811e-02 6.507241167128086090e-03 1.081785740097984672e-04 2.273406425956636667e-05 2.425047755241394043e-01 1.367799565196037292e-02 8.747430890798568726e-02 2.805681228637695312e-01 1.036477461457252502e-01 8.878778666257858276e-03
9.681452647782862186e-04 2.393428985669743270e-05 1.533961039967834949e-04 2.596042752265930176e-01 5.729388818144798279e-02 7.235845178365707397e-02 2.678392920643091202e-03 1.003204088192433119e-04 1.418720632791519165e-01 1.440784055739641190e-02 6.308417767286300659e-02 2.394391894340515137e-01 4.043591767549514771e-02 1.075800210237503052e-01
