A	C	G	T
0.016259576224620105	0.00924313834286295	-0.005310781389416661	0.0008225049874454271
0.003806450660667906	0.00370608578377869	-0.0042827985099575016	-0.00445896254791478
0.01590255612740293	0.020609646751108813	0.09861434699065284	0.054262060697074045
0.02456945893049124	0.004193798110936769	-0.002251444279345378	0.01928628017543815
0.01527945023983193	-0.0015730715170502662	-0.0033600312893395314	0.011144983701742604
0.007271338083273804	0.0005301754415268079	0.0008620346852694638	0.005730590237362776
-0.007997796786685284	-0.001162650860787835	0.03091588470211718	0.02777732648915844
0.024495623835828154	0.00031593443360179664	0.02378454058372881	-0.009704600042186939
-0.000392088702719775	0.0058271090593189	-0.000970999107521493	0.00011928817810257896
0.013852268016853487	0.0011644098674878478	-0.0011610220780130477	0.003945667057923857
0.04333953595029016	0.00903691878367681	0.00016339124471414834	0.02397709933158694
0.014531141355691944	0.07500670211782562	0.002336047293720185	0.0131715180741935
0.0032357531640445814	0.031085767591703187	0.00407910157868173	-0.0002457697410136461
0.006121110470267013	0.01964681298522919	0.0030470345019421073	-0.0014871383148420136
