A	C	G	T
0.0009284617409866769	0.0004544610932134674	-0.0014595616269980382	0.0031151727883843706
0.01040764656572719	0.002551850770250894	0.0008469103444804205	0.003249935226049274
-0.003242250420880737	0.0011625707834900822	-0.0011483193491585552	-0.01239564372204768
0.00015046721979160792	9.656787966378033e-05	0.027114065453206423	0.03934405190753751
0.002776642349381291	9.202764777000993e-05	-0.004081041486933827	0.006931114869130397
0.0012097789292602101	-0.00045590961351990697	-0.0011651518353028223	-0.004215385738061741
-0.0005227454722444236	-0.0011630651040468365	0.00025806382473092526	-0.006604609887726837
0.005749226969928713	-0.0010118029452860354	-0.03406615673051419	-0.019174511763994814
0.0045039611840911676	-0.0005087255465332419	0.0014132251276168972	-0.002598209833322471
0.002034007743059192	-0.001858728009974584	-0.0020138277881778777	0.005500767971025198
-0.0026238917777664027	-0.00033649078686721624	-0.004877059293212369	-0.006771330848932848
-0.008901259172707796	-0.003447611861338373	-0.003431287888233783	0.010430558989173732
0.008444742597057485	0.033775599283881096	-4.196339257759973e-05	0.0016203460561519023
0.0058507157843268945	0.025187331378401723	0.008248348728811835	-0.0046042908780509605
