A	C	G	T
0.0032391470287893753	0.00033954108337638897	0.00022686645301291718	0.0034472039472893813
0.014310882081335876	0.0003060037690011086	0.00030751099500776036	0.006861110529571306
-4.448231979040429e-05	0.0007543818058911711	-4.092930476872425e-05	-0.005947944641202412
-0.001021791044040583	-7.577742597277393e-05	0.020002222840776084	0.04015371295419754
0.0006471095144206628	0.0004992725665215403	-0.008523131714318878	0.0034533028161047243
-0.0021782106626778842	-0.0010625003592576831	0.0031172864336986095	-0.01952547199165565
-0.0006023746370192384	-0.0007465492584742605	-0.0002989121165592223	-0.005791708621259204
-0.015275405680022232	-0.00021482769050635398	0.0036815695140103343	-0.023451195756788366
-0.007868295149164624	-0.000936538069654489	0.0009563185847946443	-0.0024927539222699122
-0.0070719535696844105	0.0009674396854825318	0.00048395088757388296	-0.004765785244526342
-0.007373949830871425	0.0003297970088897273	-0.000889193745169905	-0.011823152805591234
-0.003907842997869011	-0.0010673636686988174	0.00923409000308311	0.014819863512639132
0.0013326142124424224	0.02649869517903426	0.00023960549260664265	0.005728167310517165
-0.002808438574866159	-0.0049122738931328055	0.003024057636066573	0.002571088669283199
